[gd_scene load_steps=42 format=2]

[ext_resource path="res://src/player/player/player.gd" type="Script" id=1]
[ext_resource path="res://src/player/StatusLabels.tscn" type="PackedScene" id=2]
[ext_resource path="res://src/player/state_machine/state_machine.gd" type="Script" id=3]
[ext_resource path="res://src/player/state_machine/states/_movement.gd" type="Script" id=4]
[ext_resource path="res://src/player/state_machine/states/idle.gd" type="Script" id=5]
[ext_resource path="res://src/player/state_machine/states/running.gd" type="Script" id=6]
[ext_resource path="res://src/player/state_machine/states/jumping.gd" type="Script" id=7]
[ext_resource path="res://src/player/state_machine/states/falling.gd" type="Script" id=8]
[ext_resource path="res://src/player/state_machine/states/climbing.gd" type="Script" id=9]
[ext_resource path="res://src/player/state_machine/durability_states/_durability.gd" type="Script" id=10]
[ext_resource path="res://src/player/state_machine/durability_states/solid.gd" type="Script" id=11]
[ext_resource path="res://src/player/state_machine/durability_states/damaged.gd" type="Script" id=12]
[ext_resource path="res://src/player/state_machine/durability_states/eroded.gd" type="Script" id=13]
[ext_resource path="res://src/player/state_machine/states/dead.gd" type="Script" id=14]
[ext_resource path="res://src/ui/hud/PlayerUI.tscn" type="PackedScene" id=15]
[ext_resource path="res://src/player/state_machine/states/double_jumping.gd" type="Script" id=16]
[ext_resource path="res://src/player/state_machine/states/air_dashing.gd" type="Script" id=17]
[ext_resource path="res://src/player/state_machine/states/air_dashing_aiming.gd" type="Script" id=18]
[ext_resource path="res://src/ui/hud/durability_meter/DurabilityMeter.tscn" type="PackedScene" id=19]
[ext_resource path="res://src/player/player/audio_manager/audio_manager.gd" type="Script" id=20]
[ext_resource path="res://assets/audio/sfx/player/run/slow.wav" type="AudioStream" id=21]
[ext_resource path="res://assets/audio/sfx/player/run/medium.wav" type="AudioStream" id=22]
[ext_resource path="res://assets/audio/sfx/player/run/fast.wav" type="AudioStream" id=23]
[ext_resource path="res://assets/audio/sfx/player/jump/land.wav" type="AudioStream" id=24]
[ext_resource path="res://assets/audio/sfx/player/jump/jump1.wav" type="AudioStream" id=25]
[ext_resource path="res://assets/audio/sfx/player/climb/mantle.wav" type="AudioStream" id=26]
[ext_resource path="res://assets/audio/sfx/player/dash/dash1.wav" type="AudioStream" id=27]
[ext_resource path="res://assets/audio/sfx/player/jump/jump2.wav" type="AudioStream" id=28]
[ext_resource path="res://assets/audio/sfx/player/dash/air_dash_aim.wav" type="AudioStream" id=29]
[ext_resource path="res://assets/audio/sfx/player/die/shatter.wav" type="AudioStream" id=30]
[ext_resource path="res://assets/audio/sfx/player/pickup/pickup.wav" type="AudioStream" id=31]
[ext_resource path="res://assets/audio/sfx/player/pickup/empty.wav" type="AudioStream" id=32]
[ext_resource path="res://assets/audio/sfx/player/pickup/powerDOWN.wav" type="AudioStream" id=33]
[ext_resource path="res://assets/audio/sfx/player/pickup/powerUP.wav" type="AudioStream" id=34]
[ext_resource path="res://assets/audio/sfx/player/dash/dash1_sandy.wav" type="AudioStream" id=35]
[ext_resource path="res://assets/audio/sfx/player/decay.wav" type="AudioStream" id=36]
[ext_resource path="res://src/player/meshes/v2/PlayerSkin.tscn" type="PackedScene" id=38]

[sub_resource type="AnimationNodeStateMachinePlayback" id=1]

[sub_resource type="CapsuleShape" id=2]
radius = 1.2
height = 5.0

[sub_resource type="CylinderShape" id=3]
radius = 1.2
height = 4.0

[sub_resource type="ViewportTexture" id=4]
viewport_path = NodePath("DurabilityUI/Viewport")

[node name="Player" type="KinematicBody"]
collision_layer = 2
collision_mask = 13
script = ExtResource( 1 )
climb_ray_pos_double_jump = Vector3( 0, 5, 0 )

[node name="GUI" type="CanvasLayer" parent="."]

[node name="PlayerUI" parent="GUI" instance=ExtResource( 15 )]

[node name="PlayerSkin" parent="." instance=ExtResource( 38 )]
transform = Transform( -4.37114e-08, 0, -1, 0, 1, 0, 1, 0, -4.37114e-08, 0, -0.3, 0 )

[node name="Physical Bone Hips" parent="PlayerSkin/Armature/Skeleton" index="3"]
transform = Transform( 0.844721, -0.029937, -0.534368, 0.225372, 0.925494, 0.304416, 0.485441, -0.377579, 0.788531, 0.0759403, 8.4568, 0.0253437 )
joint_offset = Transform( 1, 0, 0, 0, 1, 0, 0, 0, 1, 6.93977e-08, -9.28768e-07, 0.208925 )
body_offset = Transform( 1, -1.67638e-08, 2.38419e-07, -1.04308e-07, 1, -1.19209e-07, 0, 4.84288e-08, 1, -1.19209e-07, 9.53674e-07, -0.208925 )

[node name="Physical Bone Spine" parent="PlayerSkin/Armature/Skeleton" index="4"]
transform = Transform( 0.850479, -0.050545, -0.523574, 0.178305, 0.964144, 0.196557, 0.494866, -0.260524, 0.828996, 0.109971, 8.83825, -0.213201 )
joint_offset = Transform( 1, 0, 0, 0, 1, 0, 0, 0, 1, 1.87283e-07, 1.96008e-06, 0.243745 )
body_offset = Transform( 0.999995, -0.00290975, -0.00108111, 0.0029156, 0.999981, 0.00544611, 0.0010654, -0.00544928, 0.999984, 0.000263333, -0.00132942, -0.243741 )

[node name="Physical Bone Spine1" parent="PlayerSkin/Armature/Skeleton" index="5"]
transform = Transform( 0.873903, -0.194684, -0.445409, 0.061006, 0.952976, -0.296841, 0.482255, 0.232237, 0.844687, 0.0821112, 9.43991, -0.373489 )
joint_offset = Transform( 1, 0, 0, 0, 1, 0, 0, 0, 1, 0.000967271, 0.000516038, 0.281369 )
body_offset = Transform( 0.999991, -0.00378659, -0.00188667, 0.00381713, 0.999858, 0.0163983, 0.00182444, -0.0164054, 0.999864, -0.000434458, -0.00513363, -0.281324 )

[node name="Physical Bone Spine2" parent="PlayerSkin/Armature/Skeleton" index="6"]
transform = Transform( 0.910359, -0.277452, -0.307025, -0.03256, 0.691612, -0.721536, 0.412533, 0.666853, 0.620582, -0.0534709, 10.1181, -0.201322 )
joint_offset = Transform( 1, 0, 0, 0, 1, 0, 0, 0, 1, 0.00109845, 0.00272467, 0.325388 )
body_offset = Transform( 0.999991, -0.00299945, -0.00280589, 0.00307497, 0.999621, 0.0273496, 0.00272268, -0.027358, 0.999622, -0.000177264, -0.0116262, -0.325193 )

[node name="Physical Bone Neck" parent="PlayerSkin/Armature/Skeleton" index="7"]
transform = Transform( 0.958556, -0.224496, -0.17542, -0.0283789, 0.537421, -0.842838, 0.283488, 0.812884, 0.508777, -0.287884, 10.519, 0.296535 )
joint_offset = Transform( 1, 0, 0, 0, 1, 0, 0, 0, 1, 0.00365204, 0.00540348, 0.25586 )
body_offset = Transform( 0.999993, -0.00320065, -0.00214285, 0.00320035, 0.999995, -9.38885e-05, 0.00214298, 8.74065e-05, 0.999998, -0.00308645, -0.00539112, -0.255868 )

[node name="Physical Bone Head" parent="PlayerSkin/Armature/Skeleton" index="8"]
transform = Transform( 0.962243, -0.267406, -0.0508067, 0.100995, 0.5241, -0.845647, 0.252759, 0.808587, 0.531318, -0.414882, 10.9252, 0.538784 )
joint_offset = Transform( 1, 0, 0, 0, 1, 0, 0, 0, 1, -0.0051034, 0.00115068, 0.595849 )
body_offset = Transform( 0.999881, -0.015134, -0.00301952, 0.015207, 0.999551, 0.0258347, 0.00262714, -0.0258777, 0.999661, 0.00691938, -0.0164661, -0.595604 )

[node name="Physical Bone LeftShoulder" parent="PlayerSkin/Armature/Skeleton" index="9"]
transform = Transform( 0.249804, 0.96744, 0.0406988, 0.661216, -0.139728, -0.737069, -0.707383, 0.211033, -0.674592, -0.103189, 10.43, 0.579637 )
joint_offset = Transform( 1, 0, 0, 0, 1, 0, 0, 0, 1, -0.0257699, -0.000364395, 0.233757 )
body_offset = Transform( 0.99952, 0.00485371, -0.0305814, -0.00359739, 0.999153, 0.0409978, 0.0307546, -0.040868, 0.998691, 0.032908, -0.00931215, -0.232674 )

[node name="Physical Bone LeftArm" parent="PlayerSkin/Armature/Skeleton" index="10"]
transform = Transform( 0.29058, 0.928958, 0.229341, 0.249932, 0.157674, -0.955339, -0.923632, 0.334922, -0.18636, 0.196495, 10.8076, 0.626862 )
joint_offset = Transform( 1, 0, 0, 0, 1, 0, 0, 0, 1, -0.0240006, 0.0142159, 0.674835 )
body_offset = Transform( 0.99984, -0.014903, -0.00990817, 0.0150522, 0.999772, 0.0151332, 0.0096805, -0.0152799, 0.999836, 0.030895, -0.0240638, -0.674274 )

[node name="Physical Bone LeftForeArm" parent="PlayerSkin/Armature/Skeleton" index="11"]
transform = Transform( 0.59078, 0.806659, -0.0166661, 0.100954, -0.0943996, -0.990403, -0.800492, 0.583428, -0.137204, 1.58571, 11.0255, 1.03447 )
joint_offset = Transform( 1, 0, 0, 0, 1, 0, 0, 0, 1, 0.00557949, 0.0178255, 0.678064 )
body_offset = Transform( 0.99946, -0.0302404, 0.0128894, 0.0301947, 0.999537, 0.003723, -0.0129959, -0.00333176, 0.99991, -0.0137773, -0.0205101, -0.677871 )

[node name="Physical Bone LeftHand" parent="PlayerSkin/Armature/Skeleton" index="12"]
transform = Transform( 0.836089, 0.357038, 0.416504, 0.301393, 0.335427, -0.892554, -0.458383, 0.871786, 0.172838, 2.56999, 10.3656, 1.64876 )
joint_offset = Transform( 1, 0, 0, 0, 1, 0, 0, 0, 1, 0.0211421, 0.000644686, 0.158854 )
body_offset = Transform( 0.999233, -0.0372472, -0.0120483, 0.036581, 0.998005, -0.0514475, 0.0139408, 0.0509674, 0.998603, -0.0191879, 0.00675583, -0.158959 )

[node name="Physical Bone LeftHandThumb1" parent="PlayerSkin/Armature/Skeleton" index="13"]
transform = Transform( 0.835085, 0.294163, 0.464862, 0.546342, -0.344641, -0.763371, -0.0643448, 0.891455, -0.448518, 2.5234, 10.3172, 1.89565 )
joint_offset = Transform( 1, 0, 0, 0, 1, 0, 0, 0, 1, 0.0177687, 0.0300447, 0.128339 )
body_offset = Transform( 0.999285, -0.0377948, 0.000573665, 0.0377896, 0.998571, -0.0377902, 0.000855535, 0.037785, 0.999286, -0.0166941, -0.0258233, -0.129398 )

[node name="Physical Bone LeftHandThumb2" parent="PlayerSkin/Armature/Skeleton" index="14"]
transform = Transform( 0.746157, 0.474411, 0.467098, 0.603769, -0.186529, -0.77503, -0.280556, 0.860314, -0.425614, 2.57743, 10.2669, 2.03794 )
joint_offset = Transform( 1, 0, 0, 0, 1, 0, 0, 0, 1, 0.0175505, 0.0332975, 0.123137 )
body_offset = Transform( 0.999334, -0.0358208, 0.0069775, 0.0360615, 0.998625, -0.0380528, -0.00560471, 0.038279, 0.999251, -0.0172052, -0.0291989, -0.124221 )

[node name="Physical Bone LeftHandThumb3" parent="PlayerSkin/Armature/Skeleton" index="15"]
transform = Transform( 0.838082, 0.276071, 0.470532, 0.541905, -0.321843, -0.776376, -0.0628981, 0.90565, -0.419334, 2.6408, 10.2125, 2.17852 )
joint_offset = Transform( 1, 0, 0, 0, 1, 0, 0, 0, 1, 0.0313743, 0.0267369, 0.105093 )
body_offset = Transform( 0.999346, -0.0360282, -0.00311521, 0.0358818, 0.998612, -0.0385487, 0.00450003, 0.0384117, 0.999252, -0.0300632, -0.0237744, -0.106183 )

[node name="Physical Bone LeftHandIndex1" parent="PlayerSkin/Armature/Skeleton" index="16"]
transform = Transform( 0.819459, 0.44484, 0.361388, 0.296051, 0.211374, -0.931491, -0.490752, 0.87031, 0.0415173, 2.62815, 10.4427, 1.99257 )
joint_offset = Transform( 1, 0, 0, 0, 1, 0, 0, 0, 1, 0.0327724, 0.0122136, 0.121265 )
body_offset = Transform( 0.998506, -0.054632, -0.000451326, 0.0540565, 0.989119, -0.13683, 0.00792187, 0.136601, 0.990594, -0.0320015, 0.00274038, -0.122052 )

[node name="Physical Bone LeftHandIndex2" parent="PlayerSkin/Armature/Skeleton" index="17"]
transform = Transform( 0.845527, 0.510304, 0.157065, 0.292194, -0.196035, -0.936052, -0.44688, 0.837353, -0.314861, 2.71691, 10.472, 2.16166 )
joint_offset = Transform( 1, 0, 0, 0, 1, 0, 0, 0, 1, 0.0423006, 0.0146625, 0.0881418 )
body_offset = Transform( 0.996734, -0.0783508, 0.0195313, 0.0807318, 0.961991, -0.260873, 0.00165091, 0.261598, 0.965175, -0.0427351, 0.00547361, -0.0889778 )

[node name="Physical Bone LeftHandIndex3" parent="PlayerSkin/Armature/Skeleton" index="18"]
transform = Transform( 0.843835, 0.51322, 0.156668, 0.292429, -0.195025, -0.93619, -0.449917, 0.835805, -0.314651, 2.79933, 10.4171, 2.27973 )
joint_offset = Transform( 1, 0, 0, 0, 1, 0, 0, 0, 1, 0.054504, 0.00901115, 0.0213685 )
body_offset = Transform( 0.996736, -0.0781071, 0.0204187, 0.0807287, 0.962, -0.260843, 0.000731245, 0.261639, 0.965165, -0.0540586, -0.00749493, -0.0230217 )

[node name="Physical Bone LeftHandMiddle1" parent="PlayerSkin/Armature/Skeleton" index="19"]
transform = Transform( 0.679835, 0.691554, 0.244082, 0.19581, 0.149572, -0.969169, -0.70674, 0.706668, -0.033728, 2.80151, 10.5008, 1.96124 )
joint_offset = Transform( 1, 0, 0, 0, 1, 0, 0, 0, 1, 0.0336419, 0.0196293, 0.112928 )
body_offset = Transform( 0.99821, -0.0570575, 0.0179345, 0.0581335, 0.996081, -0.0666548, -0.0140608, 0.067578, 0.997615, -0.034487, -0.0139809, -0.113512 )

[node name="Physical Bone LeftHandMiddle2" parent="PlayerSkin/Armature/Skeleton" index="20"]
transform = Transform( 0.720883, 0.692124, -0.035903, 0.19052, -0.247713, -0.949918, -0.666354, 0.677939, -0.310435, 2.93329, 10.5098, 2.09273 )
joint_offset = Transform( 1, 0, 0, 0, 1, 0, 0, 0, 1, 0.044285, 0.0237759, 0.0796056 )
body_offset = Transform( 0.998196, -0.0485046, 0.0353691, 0.0513533, 0.995085, -0.0846635, -0.0310885, 0.086327, 0.995782, -0.0458674, -0.0191935, -0.0799456 )

[node name="Physical Bone LeftHandMiddle3" parent="PlayerSkin/Armature/Skeleton" index="21"]
transform = Transform( 0.722649, 0.690305, -0.0354187, 0.190536, -0.248197, -0.949788, -0.664434, 0.679615, -0.310887, 3.02498, 10.4683, 2.17961 )
joint_offset = Transform( 1, 0, 0, 0, 1, 0, 0, 0, 1, 0.0511553, 0.0229716, 0.0592816 )
body_offset = Transform( 0.9982, -0.0485719, 0.0351549, 0.0514036, 0.995078, -0.0847181, -0.0308666, 0.0863727, 0.995784, -0.0520315, -0.0204659, -0.0594368 )

[node name="Physical Bone RightShoulder" parent="PlayerSkin/Armature/Skeleton" index="22"]
transform = Transform( -0.565867, -0.735839, 0.371934, -0.607318, 0.0668971, -0.791639, 0.557637, -0.673844, -0.484742, -0.566542, 10.4545, 0.361318 )
joint_offset = Transform( 1, 0, 0, 0, 1, 0, 0, 0, 1, 0.026917, -0.00236599, 0.233064 )
body_offset = Transform( 0.999458, -0.0084112, 0.0318222, 0.00724304, 0.999302, 0.0366459, -0.0321086, -0.0363953, 0.998822, -0.034339, -0.00637144, -0.232011 )

[node name="Physical Bone RightArm" parent="PlayerSkin/Armature/Skeleton" index="23"]
transform = Transform( -0.731611, -0.678976, -0.0611118, -0.226232, 0.326377, -0.917768, 0.643087, -0.657624, -0.392387, -0.778565, 10.9007, 0.189241 )
joint_offset = Transform( 1, 0, 0, 0, 1, 0, 0, 0, 1, 0.0250679, -0.00233453, 0.681014 )
body_offset = Transform( 0.999982, 0.0037885, 0.00451078, -0.00371492, 0.999861, -0.0162461, -0.00457157, 0.0162294, 0.999858, -0.0281305, 0.0134912, -0.680765 )

[node name="Physical Bone RightForeArm" parent="PlayerSkin/Armature/Skeleton" index="24"]
transform = Transform( -0.333522, -0.941884, 0.0401946, -0.288785, 0.0614886, -0.955417, 0.897421, -0.330261, -0.292509, -1.73636, 11.3394, -0.744713 )
joint_offset = Transform( 1, 0, 0, 0, 1, 0, 0, 0, 1, 0.0167771, 0.0114815, 0.643813 )
body_offset = Transform( 0.999892, 0.00452682, -0.0140158, -0.00520292, 0.998806, -0.0485741, 0.013779, 0.0486418, 0.998721, -0.00780368, 0.0198922, -0.64378 )

[node name="Physical Bone RightHand" parent="PlayerSkin/Armature/Skeleton" index="25"]
transform = Transform( -0.124713, -0.862836, -0.489856, -0.581849, 0.46351, -0.66829, 0.803678, 0.201678, -0.559844, -2.92951, 10.8826, -1.30563 )
joint_offset = Transform( 1, 0, 0, 0, 1, 0, 0, 0, 1, -0.00950279, -0.00720323, 0.0354344 )
body_offset = Transform( 0.999501, 0.00354131, 0.0313996, -0.00200488, 0.998806, -0.0488314, -0.0315354, 0.0487438, 0.998313, 0.00841093, 0.00890589, -0.0353231 )

[node name="Physical Bone RightHandThumb1" parent="PlayerSkin/Armature/Skeleton" index="26"]
transform = Transform( 0.270253, -0.953819, -0.131106, -0.678212, -0.0919448, -0.729092, 0.683368, 0.285956, -0.671739, -3.12115, 10.8423, -1.18805 )
joint_offset = Transform( 1, 0, 0, 0, 1, 0, 0, 0, 1, -0.00589788, -0.0320486, 0.0199438 )
body_offset = Transform( 0.998922, 0.0219348, 0.0409244, -0.0203913, 0.999078, -0.0377631, -0.041715, 0.0368877, 0.998448, 0.00577831, 0.0326519, -0.0189767 )

[node name="Physical Bone RightHandThumb2" parent="PlayerSkin/Armature/Skeleton" index="27"]
transform = Transform( -0.318237, -0.94499, -0.0756057, -0.611497, 0.265564, -0.74535, 0.724427, -0.190966, -0.662371, -3.27896, 10.8374, -1.14371 )
joint_offset = Transform( 1, 0, 0, 0, 1, 0, 0, 0, 1, -0.0255114, -0.0270409, 0.0210038 )
body_offset = Transform( 0.999613, 0.0240313, 0.0140375, -0.0232766, 0.998392, -0.0516844, -0.0152571, 0.0513373, 0.998565, 0.0258565, 0.0274892, -0.0199747 )

[node name="Physical Bone RightHandThumb3" parent="PlayerSkin/Armature/Skeleton" index="28"]
transform = Transform( 0.00955534, -0.996641, -0.0813221, -0.666002, 0.0543204, -0.743969, 0.745888, 0.0612704, -0.663246, -3.44668, 10.8549, -1.16181 )
joint_offset = Transform( 1, 0, 0, 0, 1, 0, 0, 0, 1, -0.0184497, -0.0350809, 0.00105571 )
body_offset = Transform( 0.999224, 0.0243399, 0.0309678, -0.0229751, 0.998781, -0.0436939, -0.0319934, 0.0429481, 0.998565, 0.0192566, 0.0346603, -0.000137806 )

[node name="Physical Bone RightHandIndex1" parent="PlayerSkin/Armature/Skeleton" index="29"]
transform = Transform( -0.283372, -0.854613, -0.435125, -0.491211, 0.519032, -0.699512, 0.823657, 0.0155154, -0.566873, -3.2461, 10.9952, -1.17258 )
joint_offset = Transform( 1, 0, 0, 0, 1, 0, 0, 0, 1, -0.0119527, -0.0127108, 0.00996832 )
body_offset = Transform( 0.999763, 0.00648031, 0.0207859, -0.00587177, 0.999556, -0.02921, -0.0209659, 0.0290809, 0.999357, 0.0118251, 0.0129261, -0.00984287 )

[node name="Physical Bone RightHandIndex2" parent="PlayerSkin/Armature/Skeleton" index="30"]
transform = Transform( -0.275699, -0.928557, -0.248534, -0.496724, 0.358983, -0.790188, 0.822954, -0.0944021, -0.560207, -3.41938, 11.0886, -1.17491 )
joint_offset = Transform( 1, 0, 0, 0, 1, 0, 0, 0, 1, -0.0123097, -0.0363176, 0.0011045 )
body_offset = Transform( 0.999829, -0.00489238, 0.0178438, 0.00382248, 0.998222, 0.0594876, -0.0181031, -0.0594095, 0.99807, 0.0121102, 0.0362344, -0.00348282 )

[node name="Physical Bone RightHandIndex3" parent="PlayerSkin/Armature/Skeleton" index="31"]
transform = Transform( -0.279916, -0.927232, -0.248766, -0.494351, 0.361347, -0.790598, 0.822959, -0.0983245, -0.559524, -3.56714, 11.1199, -1.20716 )
joint_offset = Transform( 1, 0, 0, 0, 1, 0, 0, 0, 1, -0.011849, -0.0365239, -0.0200124 )
body_offset = Transform( 0.999824, -0.00485069, 0.0181287, 0.00376534, 0.998227, 0.0594048, -0.0183849, -0.0593266, 0.998069, 0.0120325, 0.0376925, 0.0175891 )

[node name="Physical Bone RightHandMiddle1" parent="PlayerSkin/Armature/Skeleton" index="32"]
transform = Transform( -0.298594, -0.908461, -0.292468, -0.455319, 0.404926, -0.792918, 0.838763, -0.103595, -0.534547, -3.28602, 11.104, -1.30851 )
joint_offset = Transform( 1, 0, 0, 0, 1, 0, 0, 0, 1, -0.0101528, -0.0246632, -0.00517851 )
body_offset = Transform( 0.999846, 0.00481257, 0.0168856, -0.00386199, 0.998429, -0.0558932, -0.0171281, 0.0558189, 0.998294, 0.0103574, 0.0242958, 0.00637245 )

[node name="Physical Bone RightHandMiddle2" parent="PlayerSkin/Armature/Skeleton" index="33"]
transform = Transform( -0.208327, -0.940116, 0.269776, -0.465264, -0.147362, -0.872819, 0.860306, -0.307349, -0.406702, -3.46987, 11.165, -1.33614 )
joint_offset = Transform( 1, 0, 0, 0, 1, 0, 0, 0, 1, -0.00540917, -0.0742592, 0.00879227 )
body_offset = Transform( 0.999592, 0.023913, 0.0156333, -0.021975, 0.993217, -0.114181, -0.0182575, 0.113791, 0.993337, 0.00704527, 0.0746405, -0.000382423 )

[node name="Physical Bone RightHandMiddle3" parent="PlayerSkin/Armature/Skeleton" index="34"]
transform = Transform( -0.205843, -0.940623, 0.269911, -0.465444, -0.148513, -0.872527, 0.860806, -0.305232, -0.407237, -3.59344, 11.1379, -1.38199 )
joint_offset = Transform( 1, 0, 0, 0, 1, 0, 0, 0, 1, -0.00821978, -0.0752202, -0.0155555 )
body_offset = Transform( 0.999585, 0.024, 0.0159112, -0.0220307, 0.993221, -0.114128, -0.0185426, 0.11373, 0.993338, 0.0102692, 0.0727539, 0.0238543 )

[node name="Physical Bone LeftUpLeg" parent="PlayerSkin/Armature/Skeleton" index="35"]
transform = Transform( -0.978216, -0.187628, -0.0888352, -0.0912661, 0.00433724, 0.995817, -0.186458, 0.982231, -0.0213677, 0.441863, 7.36418, 0.427462 )
joint_offset = Transform( 1, 0, 0, 0, 1, 0, 0, 0, 1, -1.41794e-07, 3.36207e-07, 1.01257 )
body_offset = Transform( 0.999998, 0.00203919, -0.00102458, -0.00202343, 0.999883, 0.0151218, 0.00105542, -0.0151196, 0.999885, 0.0010376, -0.0153122, -1.01245 )

[node name="Physical Bone LeftLeg" parent="PlayerSkin/Armature/Skeleton" index="36"]
transform = Transform( -0.981398, 0.17763, -0.0728569, -0.0790143, -0.719535, -0.689946, -0.174978, -0.671354, 0.720186, 0.032198, 9.00261, 1.74433 )
joint_offset = Transform( 1, 0, 0, 0, 1, 0, 0, 0, 1, -0.00934372, -0.0223556, 0.880168 )
body_offset = Transform( 0.999987, 0.00440921, 0.00270373, -0.0044196, 0.999982, 0.00394106, -0.00268594, -0.0039535, 0.999988, 0.00706244, 0.0188451, -0.880271 )

[node name="Physical Bone LeftFoot" parent="PlayerSkin/Armature/Skeleton" index="37"]
transform = Transform( -0.942664, -0.322279, -0.0867329, 0.207698, -0.769911, 0.603404, -0.261242, 0.550794, 0.792704, 0.301079, 6.97094, 0.947413 )
joint_offset = Transform( 1, 0, 0, 0, 1, 0, 0, 0, 1, -0.0225079, 0.0162075, 0.356784 )
body_offset = Transform( 0.999998, 0.00106734, 0.00195003, -0.00107574, 0.999988, 0.00468968, -0.0019455, -0.0046913, 0.999987, 0.0217949, -0.0179048, -0.356748 )

[node name="Physical Bone LeftToeBase" parent="PlayerSkin/Armature/Skeleton" index="38"]
transform = Transform( -0.907827, -0.180323, 0.378596, 0.417528, -0.472635, 0.77607, 0.038994, 0.862613, 0.50436, 0.00293934, 6.55057, 1.50173 )
joint_offset = Transform( 1, 0, 0, 0, 1, 0, 0, 0, 1, -0.0132927, 0.0294883, 0.168613 )
body_offset = Transform( 0.999998, 0.00118957, 0.00183457, -0.00119777, 0.999988, 0.00468191, -0.00182974, -0.00468381, 0.999987, 0.0129483, -0.0302933, -0.168497 )

[node name="Physical Bone RightUpLeg" parent="PlayerSkin/Armature/Skeleton" index="39"]
transform = Transform( -0.526435, -0.742049, -0.414999, -0.328116, -0.272981, 0.904333, -0.784345, 0.612242, -0.0997728, 0.104109, 7.27345, 0.111454 )
joint_offset = Transform( 1, 0, 0, 0, 1, 0, 0, 0, 1, 7.00471e-07, 8.92207e-07, 1.01303 )
body_offset = Transform( 0.999984, 0.00545725, -0.0017736, -0.00541368, 0.999706, 0.0236204, 0.00190209, -0.0236107, 0.999719, 0.00179601, -0.0239291, -1.01275 )

[node name="Physical Bone RightLeg" parent="PlayerSkin/Armature/Skeleton" index="40"]
transform = Transform( -0.550387, 0.834889, 0.00536319, -0.53847, -0.350055, -0.766491, -0.638055, -0.424756, 0.642231, -1.81981, 8.34755, 0.656063 )
joint_offset = Transform( 1, 0, 0, 0, 1, 0, 0, 0, 1, -0.0166747, -0.0329854, 0.893093 )
body_offset = Transform( 0.999992, 0.00204417, 0.00337621, -0.00200391, 0.999927, -0.011887, -0.00340008, 0.0118806, 0.999924, 0.0137267, 0.0435658, -0.89269 )

[node name="Physical Bone RightFoot" parent="PlayerSkin/Armature/Skeleton" index="41"]
transform = Transform( -0.270419, 0.626621, -0.7309, -0.767205, -0.598896, -0.229597, -0.581602, 0.498664, 0.642703, -0.154565, 7.17614, 0.26305 )
joint_offset = Transform( 1, 0, 0, 0, 1, 0, 0, 0, 1, -0.0204549, 0.020446, 0.353231 )
body_offset = Transform( 0.999997, 0.00112055, 0.00206102, -0.00113028, 0.999988, 0.00470823, -0.00205576, -0.00471085, 0.999987, 0.0197039, -0.0221319, -0.353172 )

[node name="Physical Bone RightToeBase" parent="PlayerSkin/Armature/Skeleton" index="42"]
transform = Transform( 0.0198417, 0.27834, -0.960275, -0.614737, -0.754062, -0.23127, -0.788477, 0.594908, 0.156147, 0.151649, 6.74688, 0.773085 )
joint_offset = Transform( 1, 0, 0, 0, 1, 0, 0, 0, 1, -0.0312676, 0.0280682, 0.154283 )
body_offset = Transform( 0.999996, 0.00252179, -0.00107165, -0.00251579, 0.999979, 0.00592494, 0.00108614, -0.0059222, 0.999982, 0.0313621, -0.0290604, -0.15408 )

[node name="AnimationTree" parent="PlayerSkin" index="2"]
parameters/playback = SubResource( 1 )

[node name="CollisionShape" type="CollisionShape" parent="."]
transform = Transform( 1, 0, 0, 0, -4.37114e-08, -1, 0, 1, -4.37114e-08, -0.1, 3.9, 0 )
shape = SubResource( 2 )

[node name="CollisionShape2" type="CollisionShape" parent="."]
transform = Transform( 1, 0, 0, 0, 1, 0, 0, 0, 1, -0.1, 2, 0 )
shape = SubResource( 3 )

[node name="StateMachine" type="Node" parent="."]
script = ExtResource( 3 )
initial_state_path = NodePath("Movement/Idle")

[node name="Movement" type="Node" parent="StateMachine"]
script = ExtResource( 4 )

[node name="Idle" type="Node" parent="StateMachine/Movement"]
script = ExtResource( 5 )

[node name="Running" type="Node" parent="StateMachine/Movement"]
script = ExtResource( 6 )

[node name="Jumping" type="Node" parent="StateMachine/Movement"]
script = ExtResource( 7 )

[node name="DoubleJumping" type="Node" parent="StateMachine/Movement"]
script = ExtResource( 16 )

[node name="AirDashingAiming" type="Node" parent="StateMachine/Movement"]
script = ExtResource( 18 )

[node name="AirDashing" type="Node" parent="StateMachine/Movement"]
script = ExtResource( 17 )

[node name="DashTimer" type="Timer" parent="StateMachine/Movement/AirDashing"]
one_shot = true

[node name="Falling" type="Node" parent="StateMachine/Movement"]
script = ExtResource( 8 )

[node name="Climbing" type="Node" parent="StateMachine/Movement"]
script = ExtResource( 9 )

[node name="Dead" type="Node" parent="StateMachine/Movement"]
script = ExtResource( 14 )

[node name="DurabilityStateMachine" type="Node" parent="."]
script = ExtResource( 3 )
initial_state_path = NodePath("DurabilityParent/Solid")

[node name="DurabilityParent" type="Node" parent="DurabilityStateMachine"]
script = ExtResource( 10 )
is_timer_active = false

[node name="Solid" type="Node" parent="DurabilityStateMachine/DurabilityParent"]
script = ExtResource( 11 )

[node name="Damaged" type="Node" parent="DurabilityStateMachine/DurabilityParent"]
script = ExtResource( 12 )

[node name="Eroded" type="Node" parent="DurabilityStateMachine/DurabilityParent"]
script = ExtResource( 13 )
health = 1

[node name="DecayTimer" type="Timer" parent="DurabilityStateMachine"]
wait_time = 3.0

[node name="AudioManager" type="Node" parent="."]
script = ExtResource( 20 )
move_slow_sfx = ExtResource( 21 )
move_medium_sfx = ExtResource( 22 )
move_fast_sfx = ExtResource( 23 )
jump_sfx = ExtResource( 25 )
double_jump_sfx = ExtResource( 28 )
land_sfx = ExtResource( 24 )
climb_sfx = ExtResource( 26 )
air_dash_aim_sfx = ExtResource( 29 )
air_dash_sfx = ExtResource( 27 )
air_dash_sandy_sfx = ExtResource( 35 )
decay_sfx = ExtResource( 36 )
die_sfx = ExtResource( 30 )
collected_sfx = ExtResource( 31 )
use_add_sfx = ExtResource( 34 )
use_remove_sfx = ExtResource( 33 )
empty_sfx = ExtResource( 32 )

[node name="PlayerAudio" type="AudioStreamPlayer" parent="AudioManager"]
volume_db = -8.0
bus = "SFX"

[node name="AuxAudio" type="AudioStreamPlayer" parent="AudioManager"]
volume_db = -8.0
bus = "SFX"

[node name="PowerupAudio" type="AudioStreamPlayer" parent="AudioManager"]
volume_db = -5.0
bus = "SFX"

[node name="Tween" type="Tween" parent="."]

[node name="StatusLabels" parent="." instance=ExtResource( 2 )]
transform = Transform( 1, 0, 0, 0, 1, 0, 0, 0, 1, 0, 4.59903, 0 )
visible = false

[node name="DurabilityUI" type="Spatial" parent="."]
transform = Transform( 1, 0, 0, 0, 1, 0, 0, 0, 1, 0, 4.599, 3 )

[node name="Viewport" type="Viewport" parent="DurabilityUI"]
size = Vector2( 500, 500 )
transparent_bg = true

[node name="DurabilityMeter" parent="DurabilityUI/Viewport" instance=ExtResource( 19 )]

[node name="Sprite3D" type="Sprite3D" parent="DurabilityUI"]
flip_v = true
billboard = 1
texture = SubResource( 4 )

[node name="ClimbingRayCasts" type="Spatial" parent="."]
transform = Transform( -4.37114e-08, 0, -1, 0, 1, 0, 1, 0, -4.37114e-08, 0, 3.3, 0 )

[node name="HeadRays" type="Spatial" parent="ClimbingRayCasts"]
transform = Transform( 1, 0, 0, 0, 1, 0, 0, 0, 1, 0, 3.37179, 0 )

[node name="HeadRayCast1" type="RayCast" parent="ClimbingRayCasts/HeadRays"]
enabled = true
cast_to = Vector3( 0, 2, 3 )

[node name="HeadRayCast2" type="RayCast" parent="ClimbingRayCasts/HeadRays"]
transform = Transform( 1, 0, 0, 0, 1, 0, 0, 0, 1, 1, 0, 0 )
enabled = true
cast_to = Vector3( 0, 2, 3 )

[node name="HeadRayCast3" type="RayCast" parent="ClimbingRayCasts/HeadRays"]
transform = Transform( 1, 0, 0, 0, 1, 0, 0, 0, 1, -1, 0, 0 )
enabled = true
cast_to = Vector3( 0, 2, 3 )

[node name="HeadRayCast4" type="RayCast" parent="ClimbingRayCasts/HeadRays"]
enabled = true
cast_to = Vector3( 0, 0, 3 )

[node name="HeadRayCast5" type="RayCast" parent="ClimbingRayCasts/HeadRays"]
transform = Transform( 1, 0, 0, 0, 1, 0, 0, 0, 1, 1, 0, 0 )
enabled = true
cast_to = Vector3( 0, 0, 3 )

[node name="HeadRayCast6" type="RayCast" parent="ClimbingRayCasts/HeadRays"]
transform = Transform( 1, 0, 0, 0, 1, 0, 0, 0, 1, -1, 0, 0 )
enabled = true
cast_to = Vector3( 0, 0, 3 )

[node name="BodyRays" type="Spatial" parent="ClimbingRayCasts"]

[node name="BodyRayCast1" type="RayCast" parent="ClimbingRayCasts/BodyRays"]
transform = Transform( 1, 0, 0, 0, 1, 0, 0, 0, 1, 0, 2.7413, 0 )
enabled = true
cast_to = Vector3( 0, 0, 3 )

[node name="BodyRayCast2" type="RayCast" parent="ClimbingRayCasts/BodyRays"]
transform = Transform( 1, 0, 0, 0, 1, 0, 0, 0, 1, 0, 1.8413, 0 )
enabled = true
cast_to = Vector3( 0, 0, 3 )

[node name="BodyRayCast3" type="RayCast" parent="ClimbingRayCasts/BodyRays"]
transform = Transform( 1, 0, 0, 0, 1, 0, 0, 0, 1, 0, 0.8413, 0 )
enabled = true
cast_to = Vector3( 0, 0, 3 )

[node name="FootRayCast" type="RayCast" parent="ClimbingRayCasts"]
transform = Transform( 1, 0, 0, 0, 1, 0, 0, 0, 1, 0, 0.0413, 0 )
enabled = true
cast_to = Vector3( 0, 0, 2.4 )

[node name="TriggerRaycast" type="RayCast" parent="."]
enabled = true
cast_to = Vector3( 0, -0.5, 0 )
collision_mask = 4
collide_with_areas = true

[connection signal="timeout" from="StateMachine/Movement/AirDashing/DashTimer" to="StateMachine/Movement/AirDashing" method="_on_DashTimer_timeout"]

[editable path="PlayerSkin"]
