[gd_scene load_steps=42 format=2]

[ext_resource path="res://src/player/player/player.gd" type="Script" id=1]
[ext_resource path="res://src/player/StatusLabels.tscn" type="PackedScene" id=2]
[ext_resource path="res://src/player/state_machine/state_machine.gd" type="Script" id=3]
[ext_resource path="res://src/player/state_machine/states/_movement.gd" type="Script" id=4]
[ext_resource path="res://src/player/state_machine/states/idle.gd" type="Script" id=5]
[ext_resource path="res://src/player/state_machine/states/running.gd" type="Script" id=6]
[ext_resource path="res://src/player/state_machine/states/jumping.gd" type="Script" id=7]
[ext_resource path="res://src/player/state_machine/states/falling.gd" type="Script" id=8]
[ext_resource path="res://src/player/state_machine/states/climbing.gd" type="Script" id=9]
[ext_resource path="res://src/player/state_machine/durability_states/_durability.gd" type="Script" id=10]
[ext_resource path="res://src/player/state_machine/durability_states/solid.gd" type="Script" id=11]
[ext_resource path="res://src/player/state_machine/durability_states/damaged.gd" type="Script" id=12]
[ext_resource path="res://src/player/state_machine/durability_states/eroded.gd" type="Script" id=13]
[ext_resource path="res://src/player/state_machine/states/dead.gd" type="Script" id=14]
[ext_resource path="res://src/ui/hud/PlayerUI.tscn" type="PackedScene" id=15]
[ext_resource path="res://src/player/state_machine/states/double_jumping.gd" type="Script" id=16]
[ext_resource path="res://src/player/state_machine/states/air_dashing.gd" type="Script" id=17]
[ext_resource path="res://src/player/state_machine/states/air_dashing_aiming.gd" type="Script" id=18]
[ext_resource path="res://src/ui/hud/durability_meter/DurabilityMeter.tscn" type="PackedScene" id=19]
[ext_resource path="res://src/player/player/audio_manager/audio_manager.gd" type="Script" id=20]
[ext_resource path="res://assets/audio/sfx/player/run/slow.wav" type="AudioStream" id=21]
[ext_resource path="res://assets/audio/sfx/player/run/medium.wav" type="AudioStream" id=22]
[ext_resource path="res://assets/audio/sfx/player/run/fast.wav" type="AudioStream" id=23]
[ext_resource path="res://assets/audio/sfx/player/jump/land.wav" type="AudioStream" id=24]
[ext_resource path="res://assets/audio/sfx/player/jump/jump1.wav" type="AudioStream" id=25]
[ext_resource path="res://assets/audio/sfx/player/climb/mantle.wav" type="AudioStream" id=26]
[ext_resource path="res://assets/audio/sfx/player/dash/dash1.wav" type="AudioStream" id=27]
[ext_resource path="res://assets/audio/sfx/player/jump/jump2.wav" type="AudioStream" id=28]
[ext_resource path="res://assets/audio/sfx/player/dash/air_dash_aim.wav" type="AudioStream" id=29]
[ext_resource path="res://assets/audio/sfx/player/die/shatter.wav" type="AudioStream" id=30]
[ext_resource path="res://assets/audio/sfx/player/pickup/pickup.wav" type="AudioStream" id=31]
[ext_resource path="res://assets/audio/sfx/player/pickup/empty.wav" type="AudioStream" id=32]
[ext_resource path="res://assets/audio/sfx/player/pickup/powerDOWN.wav" type="AudioStream" id=33]
[ext_resource path="res://assets/audio/sfx/player/pickup/powerUP.wav" type="AudioStream" id=34]
[ext_resource path="res://assets/audio/sfx/player/dash/dash1_sandy.wav" type="AudioStream" id=35]
[ext_resource path="res://assets/audio/sfx/player/decay.wav" type="AudioStream" id=36]
[ext_resource path="res://src/player/meshes/v2/PlayerSkin.tscn" type="PackedScene" id=38]

[sub_resource type="AnimationNodeStateMachinePlayback" id=1]

[sub_resource type="CapsuleShape" id=2]
radius = 1.2
height = 5.0

[sub_resource type="CylinderShape" id=3]
radius = 1.2
height = 4.0

[sub_resource type="ViewportTexture" id=4]
viewport_path = NodePath("DurabilityUI/Viewport")

[node name="Player" type="KinematicBody"]
collision_layer = 2
collision_mask = 13
script = ExtResource( 1 )
climb_ray_pos_double_jump = Vector3( 0, 5, 0 )

[node name="GUI" type="CanvasLayer" parent="."]

[node name="PlayerUI" parent="GUI" instance=ExtResource( 15 )]

[node name="PlayerSkin" parent="." instance=ExtResource( 38 )]
transform = Transform( -4.37114e-08, 0, -1, 0, 1, 0, 1, 0, -4.37114e-08, 0, -0.3, 0 )

[node name="Physical Bone Hips" parent="PlayerSkin/Armature/Skeleton" index="3"]
transform = Transform( 0.844721, -0.0299371, -0.534368, 0.225372, 0.925494, 0.304416, 0.485441, -0.377579, 0.788531, 0.0759402, 8.4568, 0.0253434 )
joint_offset = Transform( 1, 0, 0, 0, 1, 0, 0, 0, 1, 3.07816e-07, -9.16704e-07, 0.208925 )
body_offset = Transform( 1, -3.1665e-08, 2.38419e-07, -1.09896e-07, 1, -1.76951e-07, -5.96046e-08, 6.70552e-08, 1, -3.57628e-07, 9.53674e-07, -0.208925 )

[node name="Physical Bone Spine" parent="PlayerSkin/Armature/Skeleton" index="4"]
transform = Transform( 0.844269, 0.0435574, -0.534146, 0.228492, 0.872307, 0.432287, 0.484769, -0.487015, 0.726508, 0.112548, 8.78079, -0.18822 )
joint_offset = Transform( 1, 0, 0, 0, 1, 0, 0, 0, 1, 6.21658e-08, 2.44332e-06, 0.243745 )
body_offset = Transform( 0.999995, -0.00290975, -0.00108108, 0.00291556, 0.999981, 0.00544608, 0.00106549, -0.0054493, 0.999984, 0.000263453, -0.0013299, -0.243741 )

[node name="Physical Bone Spine1" parent="PlayerSkin/Armature/Skeleton" index="5"]
transform = Transform( 0.843899, 0.0486566, -0.53429, 0.229605, 0.867315, 0.441641, 0.484887, -0.495376, 0.720755, 0.152859, 9.18793, -0.448942 )
joint_offset = Transform( 1, 0, 0, 0, 1, 0, 0, 0, 1, 0.000967586, 0.000516042, 0.281369 )
body_offset = Transform( 0.999991, -0.0037866, -0.00188673, 0.00381715, 0.999858, 0.0163983, 0.00182453, -0.0164055, 0.999864, -0.000434756, -0.00513363, -0.281324 )

[node name="Physical Bone Spine2" parent="PlayerSkin/Armature/Skeleton" index="6"]
transform = Transform( 0.843388, 0.0551546, -0.534465, 0.229339, 0.8626, 0.450916, 0.485899, -0.502872, 0.714857, 0.200217, 9.6512, -0.746034 )
joint_offset = Transform( 1, 0, 0, 0, 1, 0, 0, 0, 1, 0.00109808, 0.00272374, 0.325387 )
body_offset = Transform( 0.999991, -0.00299947, -0.00280586, 0.00307498, 0.999621, 0.0273496, 0.00272265, -0.027358, 0.999622, -0.000176907, -0.0116253, -0.325192 )

[node name="Physical Bone Neck" parent="PlayerSkin/Armature/Skeleton" index="7"]
transform = Transform( 0.843468, -0.0327884, -0.536177, 0.229097, 0.924767, 0.303847, 0.485876, -0.379122, 0.787522, 0.188694, 10.2656, -1.01739 )
joint_offset = Transform( 1, 0, 0, 0, 1, 0, 0, 0, 1, 0.00365228, 0.00540347, 0.25586 )
body_offset = Transform( 0.999993, -0.00320067, -0.00214288, 0.00320037, 0.999995, -9.38475e-05, 0.00214294, 8.74773e-05, 0.999998, -0.00308669, -0.00539112, -0.255867 )

[node name="Physical Bone Head" parent="PlayerSkin/Armature/Skeleton" index="8"]
transform = Transform( 0.842754, -0.0289802, -0.537517, 0.240331, 0.91376, 0.327542, 0.48167, -0.405221, 0.777038, 0.291715, 10.5968, -1.3299 )
joint_offset = Transform( 1, 0, 0, 0, 1, 0, 0, 0, 1, -0.00510357, 0.00114975, 0.595849 )
body_offset = Transform( 0.999881, -0.015134, -0.00301945, 0.015207, 0.999551, 0.0258347, 0.00262713, -0.0258776, 0.999661, 0.0069195, -0.0164652, -0.595604 )

[node name="Physical Bone LeftShoulder" parent="PlayerSkin/Armature/Skeleton" index="9"]
transform = Transform( 0.482427, 0.835304, -0.263685, -0.473381, -0.00466379, -0.880846, -0.737003, 0.549768, 0.393168, 0.314098, 10.4943, -0.783495 )
joint_offset = Transform( 1, 0, 0, 0, 1, 0, 0, 0, 1, -0.0257704, -0.000364339, 0.233757 )
body_offset = Transform( 0.99952, 0.00485376, -0.0305814, -0.00359732, 0.999153, 0.0409978, 0.0307547, -0.040868, 0.998691, 0.0329084, -0.00931221, -0.232674 )

[node name="Physical Bone LeftArm" parent="PlayerSkin/Armature/Skeleton" index="10"]
transform = Transform( 0.544831, 0.837375, -0.0442801, -0.446913, 0.245287, -0.860293, -0.709526, 0.488503, 0.507874, 0.659935, 10.8484, -0.770578 )
joint_offset = Transform( 1, 0, 0, 0, 1, 0, 0, 0, 1, -0.0240006, 0.0142154, 0.674836 )
body_offset = Transform( 0.99984, -0.0149029, -0.00990818, 0.0150522, 0.999772, 0.0151332, 0.00968051, -0.0152799, 0.999836, 0.030895, -0.0240633, -0.674276 )

[node name="Physical Bone LeftForeArm" parent="PlayerSkin/Armature/Skeleton" index="11"]
transform = Transform( 0.558315, 0.828408, -0.044982, -0.428882, 0.241787, -0.870403, -0.710173, 0.50525, 0.490283, 1.75498, 11.1676, -0.101522 )
joint_offset = Transform( 1, 0, 0, 0, 1, 0, 0, 0, 1, 0.00557997, 0.0178255, 0.678063 )
body_offset = Transform( 0.99946, -0.0302404, 0.0128894, 0.0301948, 0.999537, 0.003723, -0.0129959, -0.00333177, 0.99991, -0.0137777, -0.0205102, -0.677871 )

[node name="Physical Bone LeftHand" parent="PlayerSkin/Armature/Skeleton" index="12"]
transform = Transform( 0.729891, 0.682871, 0.0307081, -0.187962, 0.24369, -0.951466, -0.657212, 0.688694, 0.306222, 2.8102, 11.0249, 0.826308 )
joint_offset = Transform( 1, 0, 0, 0, 1, 0, 0, 0, 1, 0.0211418, 0.000644703, 0.158854 )
body_offset = Transform( 0.999233, -0.0372471, -0.0120483, 0.036581, 0.998005, -0.0514475, 0.0139408, 0.0509674, 0.998603, -0.0191877, 0.00675583, -0.158959 )

[node name="Physical Bone LeftHandThumb1" parent="PlayerSkin/Armature/Skeleton" index="13"]
transform = Transform( 0.939137, 0.343452, -0.00764092, 0.0450718, -0.145233, -0.988371, -0.340568, 0.927873, -0.151872, 2.81125, 11.0385, 1.05808 )
joint_offset = Transform( 1, 0, 0, 0, 1, 0, 0, 0, 1, 0.0177687, 0.0300448, 0.12834 )
body_offset = Transform( 0.999285, -0.0377948, 0.000573666, 0.0377896, 0.998571, -0.0377902, 0.000855533, 0.037785, 0.999286, -0.0166941, -0.0258233, -0.129399 )

[node name="Physical Bone LeftHandThumb2" parent="PlayerSkin/Armature/Skeleton" index="14"]
transform = Transform( 0.848666, 0.528684, -0.0160301, 0.0653306, -0.134849, -0.98871, -0.524878, 0.838037, -0.148979, 2.87623, 11.0164, 1.20551 )
joint_offset = Transform( 1, 0, 0, 0, 1, 0, 0, 0, 1, 0.01755, 0.0332976, 0.123136 )
body_offset = Transform( 0.999334, -0.0358208, 0.00697748, 0.0360614, 0.998625, -0.0380528, -0.00560472, 0.038279, 0.999251, -0.0172048, -0.029199, -0.12422 )

[node name="Physical Bone LeftHandThumb3" parent="PlayerSkin/Armature/Skeleton" index="15"]
transform = Transform( 0.956644, 0.29083, -0.0157038, 0.0285228, -0.147208, -0.988696, -0.289855, 0.945382, -0.149119, 2.94069, 10.9814, 1.352 )
joint_offset = Transform( 1, 0, 0, 0, 1, 0, 0, 0, 1, 0.0313746, 0.0267369, 0.105092 )
body_offset = Transform( 0.999346, -0.0360282, -0.00311521, 0.0358819, 0.998612, -0.0385487, 0.00450004, 0.0384117, 0.999252, -0.0300634, -0.0237744, -0.106182 )

[node name="Physical Bone LeftHandIndex1" parent="PlayerSkin/Armature/Skeleton" index="16"]
transform = Transform( 0.569383, 0.821191, -0.0380175, -0.214654, 0.103873, -0.971151, -0.793552, 0.561118, 0.235416, 2.98398, 11.1113, 1.12678 )
joint_offset = Transform( 1, 0, 0, 0, 1, 0, 0, 0, 1, 0.0327724, 0.0122129, 0.121263 )
body_offset = Transform( 0.998506, -0.0546321, -0.000451362, 0.0540564, 0.989119, -0.13683, 0.00792186, 0.136601, 0.990594, -0.0320015, 0.00274086, -0.12205 )

[node name="Physical Bone LeftHandIndex2" parent="PlayerSkin/Armature/Skeleton" index="17"]
transform = Transform( 0.600513, 0.788479, -0.132972, -0.199531, -0.0132724, -0.979802, -0.774318, 0.614917, 0.149357, 3.11997, 11.1193, 1.22556 )
joint_offset = Transform( 1, 0, 0, 0, 1, 0, 0, 0, 1, 0.0423003, 0.0146623, 0.0881409 )
body_offset = Transform( 0.996734, -0.0783508, 0.0195313, 0.0807318, 0.961991, -0.260873, 0.00165088, 0.261598, 0.965175, -0.0427349, 0.00547361, -0.0889769 )

[node name="Physical Bone LeftHandIndex3" parent="PlayerSkin/Armature/Skeleton" index="18"]
transform = Transform( 0.59772, 0.790552, -0.133256, -0.199948, -0.0139625, -0.979708, -0.77637, 0.612235, 0.149724, 3.23651, 11.0905, 1.32223 )
joint_offset = Transform( 1, 0, 0, 0, 1, 0, 0, 0, 1, 0.0545036, 0.00901022, 0.0213668 )
body_offset = Transform( 0.996736, -0.0781071, 0.0204187, 0.0807287, 0.962, -0.260843, 0.000731219, 0.261639, 0.965165, -0.0540582, -0.00749445, -0.0230198 )

[node name="Physical Bone LeftHandMiddle1" parent="PlayerSkin/Armature/Skeleton" index="19"]
transform = Transform( 0.574855, 0.818212, 0.00830862, -0.234568, 0.174512, -0.956308, -0.783913, 0.547788, 0.292247, 3.12442, 11.0704, 1.03366 )
joint_offset = Transform( 1, 0, 0, 0, 1, 0, 0, 0, 1, 0.0336423, 0.0196297, 0.112928 )
body_offset = Transform( 0.99821, -0.0570575, 0.0179345, 0.0581334, 0.996081, -0.0666548, -0.0140608, 0.067578, 0.997615, -0.0344874, -0.0139813, -0.113512 )

[node name="Physical Bone LeftHandMiddle2" parent="PlayerSkin/Armature/Skeleton" index="20"]
transform = Transform( 0.575275, 0.817956, 0.00227767, -0.218932, 0.156658, -0.963084, -0.788116, 0.553538, 0.269199, 3.25078, 11.0766, 1.12901 )
joint_offset = Transform( 1, 0, 0, 0, 1, 0, 0, 0, 1, 0.044285, 0.023776, 0.0796056 )
body_offset = Transform( 0.998196, -0.0485047, 0.0353691, 0.0513532, 0.995085, -0.0846635, -0.0310886, 0.086327, 0.995782, -0.0458674, -0.0191936, -0.0799456 )

[node name="Physical Bone LeftHandMiddle3" parent="PlayerSkin/Armature/Skeleton" index="21"]
transform = Transform( 0.577358, 0.816485, 0.00267152, -0.217868, 0.157212, -0.963234, -0.786886, 0.555549, 0.268655, 3.35948, 11.0886, 1.20463 )
joint_offset = Transform( 1, 0, 0, 0, 1, 0, 0, 0, 1, 0.0511556, 0.0229716, 0.0592816 )
body_offset = Transform( 0.9982, -0.048572, 0.035155, 0.0514036, 0.995078, -0.0847181, -0.0308666, 0.0863727, 0.995784, -0.0520318, -0.0204659, -0.0594368 )

[node name="Physical Bone RightShoulder" parent="PlayerSkin/Armature/Skeleton" index="22"]
transform = Transform( -0.57622, -0.806702, 0.131151, 0.447657, -0.445781, -0.775167, 0.683793, -0.387957, 0.617994, -0.141579, 10.3716, -1.04384 )
joint_offset = Transform( 1, 0, 0, 0, 1, 0, 0, 0, 1, 0.0269175, -0.00236646, 0.233065 )
body_offset = Transform( 0.999458, -0.0084112, 0.0318222, 0.00724322, 0.999302, 0.0366459, -0.0321087, -0.0363953, 0.998822, -0.0343394, -0.00637102, -0.232012 )

[node name="Physical Bone RightArm" parent="PlayerSkin/Armature/Skeleton" index="23"]
transform = Transform( -0.529447, -0.847436, -0.0391787, 0.444681, -0.237898, -0.863518, 0.722455, -0.474611, 0.502795, -0.467964, 10.5576, -1.41257 )
joint_offset = Transform( 1, 0, 0, 0, 1, 0, 0, 0, 1, 0.0250681, -0.00233452, 0.681014 )
body_offset = Transform( 0.999982, 0.00378841, 0.0045108, -0.00371504, 0.999861, -0.0162461, -0.00457157, 0.0162294, 0.999858, -0.0281308, 0.0134912, -0.680765 )

[node name="Physical Bone RightForeArm" parent="PlayerSkin/Armature/Skeleton" index="24"]
transform = Transform( -0.528796, -0.848732, -0.00519142, 0.434358, -0.265357, -0.860766, 0.729183, -0.457426, 0.508974, -1.59741, 10.2339, -2.02541 )
joint_offset = Transform( 1, 0, 0, 0, 1, 0, 0, 0, 1, 0.0167767, 0.0114811, 0.643812 )
body_offset = Transform( 0.999892, 0.00452679, -0.0140157, -0.00520292, 0.998806, -0.0485741, 0.013779, 0.0486418, 0.998721, -0.00780344, 0.0198925, -0.643778 )

[node name="Physical Bone RightHand" parent="PlayerSkin/Armature/Skeleton" index="25"]
transform = Transform( -0.348144, -0.932927, 0.0918766, 0.310789, -0.207328, -0.92759, 0.884423, -0.294382, 0.362124, -2.72118, 9.42777, -2.3228 )
joint_offset = Transform( 1, 0, 0, 0, 1, 0, 0, 0, 1, -0.00950255, -0.00720311, 0.0354344 )
body_offset = Transform( 0.999501, 0.00354135, 0.0313996, -0.00200492, 0.998806, -0.0488314, -0.0315353, 0.0487438, 0.998313, 0.00841069, 0.00890577, -0.0353231 )

[node name="Physical Bone RightHandThumb1" parent="PlayerSkin/Armature/Skeleton" index="26"]
transform = Transform( 0.0757343, -0.857909, 0.508185, 0.275244, -0.47186, -0.837608, 0.958385, 0.203311, 0.200401, -2.92433, 9.3825, -2.22548 )
joint_offset = Transform( 1, 0, 0, 0, 1, 0, 0, 0, 1, -0.00589781, -0.0320484, 0.0199433 )
body_offset = Transform( 0.998922, 0.0219348, 0.0409244, -0.0203913, 0.999078, -0.0377631, -0.0417151, 0.0368877, 0.998448, 0.00577825, 0.0326517, -0.0189762 )

[node name="Physical Bone RightHandThumb2" parent="PlayerSkin/Armature/Skeleton" index="27"]
transform = Transform( -0.100315, -0.850608, 0.516138, 0.169108, -0.525783, -0.833639, 0.980478, 0.00365673, 0.196591, -3.06285, 9.31527, -2.18961 )
joint_offset = Transform( 1, 0, 0, 0, 1, 0, 0, 0, 1, -0.0255113, -0.0270402, 0.0210028 )
body_offset = Transform( 0.999613, 0.0240313, 0.0140375, -0.0232766, 0.998392, -0.0516844, -0.0152571, 0.0513373, 0.998565, 0.0258564, 0.0274885, -0.0199738 )

[node name="Physical Bone RightHandThumb3" parent="PlayerSkin/Armature/Skeleton" index="28"]
transform = Transform( 0.198607, -0.833162, 0.516133, 0.339674, -0.435468, -0.833659, 0.919333, 0.340889, 0.196518, -3.20108, 9.2232, -2.15729 )
joint_offset = Transform( 1, 0, 0, 0, 1, 0, 0, 0, 1, -0.0184498, -0.0350806, 0.00105522 )
body_offset = Transform( 0.999224, 0.0243399, 0.0309678, -0.0229751, 0.998781, -0.0436939, -0.0319934, 0.0429481, 0.998565, 0.0192567, 0.0346601, -0.000137329 )

[node name="Physical Bone RightHandIndex1" parent="PlayerSkin/Armature/Skeleton" index="29"]
transform = Transform( -0.533652, -0.84056, 0.0931164, 0.235786, -0.253619, -0.938126, 0.812169, -0.478678, 0.333538, -3.07698, 9.37578, -2.35326 )
joint_offset = Transform( 1, 0, 0, 0, 1, 0, 0, 0, 1, -0.0119528, -0.0127106, 0.00996832 )
body_offset = Transform( 0.999763, 0.00648025, 0.0207859, -0.00587171, 0.999556, -0.02921, -0.020966, 0.0290809, 0.999357, 0.0118251, 0.012926, -0.00984287 )

[node name="Physical Bone RightHandIndex2" parent="PlayerSkin/Armature/Skeleton" index="30"]
transform = Transform( -0.526707, -0.849816, 0.0197043, 0.23508, -0.167897, -0.957365, 0.816893, -0.49962, 0.288209, -3.24308, 9.32552, -2.44626 )
joint_offset = Transform( 1, 0, 0, 0, 1, 0, 0, 0, 1, -0.0123095, -0.0363176, 0.0011045 )
body_offset = Transform( 0.999829, -0.00489241, 0.0178438, 0.00382248, 0.998222, 0.0594876, -0.0181031, -0.0594095, 0.99807, 0.01211, 0.0362344, -0.00348282 )

[node name="Physical Bone RightHandIndex3" parent="PlayerSkin/Armature/Skeleton" index="31"]
transform = Transform( -0.53077, -0.847295, 0.0192615, 0.235073, -0.169014, -0.95717, 0.814261, -0.503511, 0.288885, -3.37055, 9.27098, -2.51436 )
joint_offset = Transform( 1, 0, 0, 0, 1, 0, 0, 0, 1, -0.0118491, -0.0365236, -0.0200129 )
body_offset = Transform( 0.999824, -0.00485063, 0.0181287, 0.00376534, 0.998227, 0.0594048, -0.0183849, -0.0593266, 0.998069, 0.0120326, 0.0376923, 0.0175896 )

[node name="Physical Bone RightHandMiddle1" parent="PlayerSkin/Armature/Skeleton" index="32"]
transform = Transform( -0.542656, -0.834449, 0.0960022, 0.267975, -0.280313, -0.921745, 0.79606, -0.474464, 0.375727, -3.0724, 9.29399, -2.51271 )
joint_offset = Transform( 1, 0, 0, 0, 1, 0, 0, 0, 1, -0.0101523, -0.0246634, -0.00517944 )
body_offset = Transform( 0.999846, 0.0048126, 0.0168856, -0.00386211, 0.998429, -0.0558932, -0.017128, 0.055819, 0.998294, 0.0103569, 0.0242959, 0.00637341 )

[node name="Physical Bone RightHandMiddle2" parent="PlayerSkin/Armature/Skeleton" index="33"]
transform = Transform( -0.507263, -0.849377, 0.145733, 0.280442, -0.322595, -0.904037, 0.814882, -0.417715, 0.401844, -3.2438, 9.25382, -2.61582 )
joint_offset = Transform( 1, 0, 0, 0, 1, 0, 0, 0, 1, -0.00540949, -0.0742596, 0.0087904 )
body_offset = Transform( 0.999592, 0.0239129, 0.0156332, -0.021975, 0.993217, -0.114181, -0.0182575, 0.113791, 0.993337, 0.00704563, 0.0746408, -0.000380516 )

[node name="Physical Bone RightHandMiddle3" parent="PlayerSkin/Armature/Skeleton" index="34"]
transform = Transform( -0.505071, -0.850627, 0.146056, 0.280673, -0.321907, -0.90421, 0.816164, -0.415696, 0.401336, -3.35605, 9.20205, -2.6692 )
joint_offset = Transform( 1, 0, 0, 0, 1, 0, 0, 0, 1, -0.00821915, -0.0752207, -0.0155574 )
body_offset = Transform( 0.999585, 0.024, 0.0159111, -0.0220307, 0.993221, -0.114128, -0.0185426, 0.11373, 0.993338, 0.0102686, 0.0727541, 0.0238562 )

[node name="Physical Bone LeftUpLeg" parent="PlayerSkin/Armature/Skeleton" index="35"]
transform = Transform( -0.849389, 0.00992245, -0.527676, -0.238558, -0.899072, 0.367094, -0.470777, 0.437687, 0.766028, 0.886214, 8.00081, -0.36983 )
joint_offset = Transform( 1, 0, 0, 0, 1, 0, 0, 0, 1, -2.09664e-07, 3.8743e-07, 1.01257 )
body_offset = Transform( 0.999998, 0.00203921, -0.00102451, -0.00202348, 0.999883, 0.0151218, 0.00105536, -0.0151196, 0.999885, 0.0010376, -0.0153122, -1.01245 )

[node name="Physical Bone LeftLeg" parent="PlayerSkin/Armature/Skeleton" index="36"]
transform = Transform( -0.846509, 0.0952453, -0.523786, -0.198552, -0.969362, 0.144617, -0.493964, 0.226419, 0.839484, 0.81456, 6.41338, 0.579048 )
joint_offset = Transform( 1, 0, 0, 0, 1, 0, 0, 0, 1, -0.00934378, -0.0223546, 0.880168 )
body_offset = Transform( 0.999987, 0.00440925, 0.00270379, -0.00441961, 0.999982, 0.00394106, -0.00268599, -0.00395355, 0.999988, 0.00706244, 0.0188441, -0.880271 )

[node name="Physical Bone LeftFoot" parent="PlayerSkin/Armature/Skeleton" index="37"]
transform = Transform( -0.691576, -0.625656, -0.36094, -0.296779, -0.209446, 0.931695, -0.658518, 0.751455, -0.0408334, 0.649553, 4.56181, 1.70439 )
joint_offset = Transform( 1, 0, 0, 0, 1, 0, 0, 0, 1, -0.0225084, 0.0162074, 0.356785 )
body_offset = Transform( 0.999998, 0.00106722, 0.00195001, -0.00107574, 0.999988, 0.00468966, -0.00194554, -0.00469132, 0.999987, 0.0217953, -0.0179046, -0.356748 )

[node name="Physical Bone LeftToeBase" parent="PlayerSkin/Armature/Skeleton" index="38"]
transform = Transform( -0.775113, -0.603082, 0.188398, 0.0658304, 0.219472, 0.973395, -0.628386, 0.766892, -0.130413, 0.0878063, 4.59248, 2.20481 )
joint_offset = Transform( 1, 0, 0, 0, 1, 0, 0, 0, 1, -0.0132926, 0.029488, 0.168612 )
body_offset = Transform( 0.999998, 0.00118959, 0.00183456, -0.00119781, 0.999988, 0.00468187, -0.00182974, -0.00468378, 0.999987, 0.0129482, -0.030293, -0.168496 )

[node name="Physical Bone RightUpLeg" parent="PlayerSkin/Armature/Skeleton" index="39"]
transform = Transform( -0.840911, -0.024535, -0.54061, -0.204629, -0.910385, 0.359612, -0.500987, 0.41303, 0.76053, 0.231357, 7.82527, -0.760062 )
joint_offset = Transform( 1, 0, 0, 0, 1, 0, 0, 0, 1, 6.39353e-07, 9.03383e-07, 1.01303 )
body_offset = Transform( 0.999984, 0.00545726, -0.00177354, -0.00541369, 0.999706, 0.0236204, 0.00190207, -0.0236107, 0.999719, 0.00179601, -0.0239291, -1.01275 )

[node name="Physical Bone RightLeg" parent="PlayerSkin/Armature/Skeleton" index="40"]
transform = Transform( -0.839891, 0.128578, -0.527299, -0.24702, -0.955634, 0.160431, -0.483277, 0.265003, 0.834389, 0.07852, 6.18615, 0.144345 )
joint_offset = Transform( 1, 0, 0, 0, 1, 0, 0, 0, 1, -0.0166748, -0.032985, 0.893093 )
body_offset = Transform( 0.999992, 0.00204416, 0.00337622, -0.00200394, 0.999927, -0.0118869, -0.00340006, 0.0118805, 0.999924, 0.0137268, 0.0435653, -0.89269 )

[node name="Physical Bone RightFoot" parent="PlayerSkin/Armature/Skeleton" index="41"]
transform = Transform( -0.948854, -0.2653, -0.171123, -0.142845, -0.122594, 0.982121, -0.281537, 0.956334, 0.0784219, -0.101157, 4.37033, 1.27659 )
joint_offset = Transform( 1, 0, 0, 0, 1, 0, 0, 0, 1, -0.0204549, 0.0204461, 0.353231 )
body_offset = Transform( 0.999997, 0.0011206, 0.00206107, -0.00113034, 0.999988, 0.00470823, -0.00205578, -0.00471087, 0.999987, 0.0197039, -0.0221321, -0.353172 )

[node name="Physical Bone RightToeBase" parent="PlayerSkin/Armature/Skeleton" index="42"]
transform = Transform( -0.817794, -0.458132, -0.34831, -0.496808, 0.256494, 0.829088, -0.290492, 0.851066, -0.437367, -0.278777, 4.49045, 1.9859 )
joint_offset = Transform( 1, 0, 0, 0, 1, 0, 0, 0, 1, -0.0312676, 0.0280682, 0.154283 )
body_offset = Transform( 0.999996, 0.00252175, -0.00107169, -0.00251582, 0.999979, 0.00592494, 0.00108618, -0.00592227, 0.999982, 0.0313621, -0.0290604, -0.15408 )

[node name="AnimationTree" parent="PlayerSkin" index="2"]
parameters/playback = SubResource( 1 )

[node name="CollisionShape" type="CollisionShape" parent="."]
transform = Transform( 1, 0, 0, 0, -4.37114e-08, -1, 0, 1, -4.37114e-08, -0.1, 3.9, 0 )
shape = SubResource( 2 )

[node name="CollisionShape2" type="CollisionShape" parent="."]
transform = Transform( 1, 0, 0, 0, 1, 0, 0, 0, 1, -0.1, 2, 0 )
shape = SubResource( 3 )

[node name="StateMachine" type="Node" parent="."]
script = ExtResource( 3 )
initial_state_path = NodePath("Movement/Idle")

[node name="Movement" type="Node" parent="StateMachine"]
script = ExtResource( 4 )

[node name="Idle" type="Node" parent="StateMachine/Movement"]
script = ExtResource( 5 )

[node name="Running" type="Node" parent="StateMachine/Movement"]
script = ExtResource( 6 )

[node name="Jumping" type="Node" parent="StateMachine/Movement"]
script = ExtResource( 7 )

[node name="DoubleJumping" type="Node" parent="StateMachine/Movement"]
script = ExtResource( 16 )

[node name="AirDashingAiming" type="Node" parent="StateMachine/Movement"]
script = ExtResource( 18 )

[node name="AirDashing" type="Node" parent="StateMachine/Movement"]
script = ExtResource( 17 )

[node name="DashTimer" type="Timer" parent="StateMachine/Movement/AirDashing"]
one_shot = true

[node name="Falling" type="Node" parent="StateMachine/Movement"]
script = ExtResource( 8 )

[node name="Climbing" type="Node" parent="StateMachine/Movement"]
script = ExtResource( 9 )

[node name="Dead" type="Node" parent="StateMachine/Movement"]
script = ExtResource( 14 )

[node name="DurabilityStateMachine" type="Node" parent="."]
script = ExtResource( 3 )
initial_state_path = NodePath("DurabilityParent/Solid")

[node name="DurabilityParent" type="Node" parent="DurabilityStateMachine"]
script = ExtResource( 10 )
is_timer_active = false

[node name="Solid" type="Node" parent="DurabilityStateMachine/DurabilityParent"]
script = ExtResource( 11 )

[node name="Damaged" type="Node" parent="DurabilityStateMachine/DurabilityParent"]
script = ExtResource( 12 )

[node name="Eroded" type="Node" parent="DurabilityStateMachine/DurabilityParent"]
script = ExtResource( 13 )
health = 1

[node name="DecayTimer" type="Timer" parent="DurabilityStateMachine"]
wait_time = 3.0

[node name="AudioManager" type="Node" parent="."]
script = ExtResource( 20 )
move_slow_sfx = ExtResource( 21 )
move_medium_sfx = ExtResource( 22 )
move_fast_sfx = ExtResource( 23 )
jump_sfx = ExtResource( 25 )
double_jump_sfx = ExtResource( 28 )
land_sfx = ExtResource( 24 )
climb_sfx = ExtResource( 26 )
air_dash_aim_sfx = ExtResource( 29 )
air_dash_sfx = ExtResource( 27 )
air_dash_sandy_sfx = ExtResource( 35 )
decay_sfx = ExtResource( 36 )
die_sfx = ExtResource( 30 )
collected_sfx = ExtResource( 31 )
use_add_sfx = ExtResource( 34 )
use_remove_sfx = ExtResource( 33 )
empty_sfx = ExtResource( 32 )

[node name="PlayerAudio" type="AudioStreamPlayer" parent="AudioManager"]
volume_db = -8.0
bus = "SFX"

[node name="AuxAudio" type="AudioStreamPlayer" parent="AudioManager"]
volume_db = -8.0
bus = "SFX"

[node name="PowerupAudio" type="AudioStreamPlayer" parent="AudioManager"]
volume_db = -5.0
bus = "SFX"

[node name="Tween" type="Tween" parent="."]

[node name="StatusLabels" parent="." instance=ExtResource( 2 )]
transform = Transform( 1, 0, 0, 0, 1, 0, 0, 0, 1, 0, 4.59903, 0 )
visible = false

[node name="DurabilityUI" type="Spatial" parent="."]
transform = Transform( 1, 0, 0, 0, 1, 0, 0, 0, 1, 0, 4.599, 3 )

[node name="Viewport" type="Viewport" parent="DurabilityUI"]
size = Vector2( 500, 500 )
transparent_bg = true

[node name="DurabilityMeter" parent="DurabilityUI/Viewport" instance=ExtResource( 19 )]

[node name="Sprite3D" type="Sprite3D" parent="DurabilityUI"]
flip_v = true
billboard = 1
texture = SubResource( 4 )

[node name="ClimbingRayCasts" type="Spatial" parent="."]
transform = Transform( -4.37114e-08, 0, -1, 0, 1, 0, 1, 0, -4.37114e-08, 0, 3.3, 0 )

[node name="HeadRays" type="Spatial" parent="ClimbingRayCasts"]
transform = Transform( 1, 0, 0, 0, 1, 0, 0, 0, 1, 0, 3.37179, 0 )

[node name="HeadRayCast1" type="RayCast" parent="ClimbingRayCasts/HeadRays"]
enabled = true
cast_to = Vector3( 0, 2, 3 )

[node name="HeadRayCast2" type="RayCast" parent="ClimbingRayCasts/HeadRays"]
transform = Transform( 1, 0, 0, 0, 1, 0, 0, 0, 1, 1, 0, 0 )
enabled = true
cast_to = Vector3( 0, 2, 3 )

[node name="HeadRayCast3" type="RayCast" parent="ClimbingRayCasts/HeadRays"]
transform = Transform( 1, 0, 0, 0, 1, 0, 0, 0, 1, -1, 0, 0 )
enabled = true
cast_to = Vector3( 0, 2, 3 )

[node name="HeadRayCast4" type="RayCast" parent="ClimbingRayCasts/HeadRays"]
enabled = true
cast_to = Vector3( 0, 0, 3 )

[node name="HeadRayCast5" type="RayCast" parent="ClimbingRayCasts/HeadRays"]
transform = Transform( 1, 0, 0, 0, 1, 0, 0, 0, 1, 1, 0, 0 )
enabled = true
cast_to = Vector3( 0, 0, 3 )

[node name="HeadRayCast6" type="RayCast" parent="ClimbingRayCasts/HeadRays"]
transform = Transform( 1, 0, 0, 0, 1, 0, 0, 0, 1, -1, 0, 0 )
enabled = true
cast_to = Vector3( 0, 0, 3 )

[node name="BodyRays" type="Spatial" parent="ClimbingRayCasts"]

[node name="BodyRayCast1" type="RayCast" parent="ClimbingRayCasts/BodyRays"]
transform = Transform( 1, 0, 0, 0, 1, 0, 0, 0, 1, 0, 2.7413, 0 )
enabled = true
cast_to = Vector3( 0, 0, 3 )

[node name="BodyRayCast2" type="RayCast" parent="ClimbingRayCasts/BodyRays"]
transform = Transform( 1, 0, 0, 0, 1, 0, 0, 0, 1, 0, 1.8413, 0 )
enabled = true
cast_to = Vector3( 0, 0, 3 )

[node name="BodyRayCast3" type="RayCast" parent="ClimbingRayCasts/BodyRays"]
transform = Transform( 1, 0, 0, 0, 1, 0, 0, 0, 1, 0, 0.8413, 0 )
enabled = true
cast_to = Vector3( 0, 0, 3 )

[node name="FootRayCast" type="RayCast" parent="ClimbingRayCasts"]
transform = Transform( 1, 0, 0, 0, 1, 0, 0, 0, 1, 0, 0.0413, 0 )
enabled = true
cast_to = Vector3( 0, 0, 2.4 )

[node name="TriggerRaycast" type="RayCast" parent="."]
enabled = true
cast_to = Vector3( 0, -0.5, 0 )
collision_mask = 4
collide_with_areas = true

[connection signal="timeout" from="StateMachine/Movement/AirDashing/DashTimer" to="StateMachine/Movement/AirDashing" method="_on_DashTimer_timeout"]

[editable path="PlayerSkin"]
